{
  "advancedEditorSelectedIdentifier" : "ProjectBrowser",
  "openSceneRelativePaths" : [
    "Immersive.usda",
    "jet.usdc",
    "Scene.usda"
  ],
  "recentIdentifiers" : {

  },
  "sceneCameraHistory" : {
    "303CD67C-14A9-416F-9A79-B6A102231A95" : [
      {
        "date" : 778746496.931919,
        "title" : "Untitled",
        "transform" : [
          0.3218172,
          2.0796184e-08,
          0.94680184,
          0,
          0.7262246,
          0.64161235,
          -0.2468432,
          0,
          -0.6074798,
          0.767029,
          0.20648208,
          0,
          -93.331314,
          166.47781,
          1.7954307,
          1
        ]
      },
      {
        "date" : 778746486.081945,
        "title" : "Untitled",
        "transform" : [
          0.61254424,
          -7.653427e-10,
          -0.7904363,
          0,
          -0.42174307,
          0.84576386,
          -0.3268274,
          0,
          0.66852254,
          0.53355724,
          0.5180678,
          0,
          10.3417845,
          15.097731,
          12.138883,
          1
        ]
      },
      {
        "date" : 778746391.192368,
        "title" : "Untitled",
        "transform" : [
          0.5470252,
          -9.970277e-10,
          0.8371161,
          0,
          0.39201126,
          0.883576,
          -0.25616524,
          0,
          -0.73965573,
          0.46828777,
          0.48333836,
          0,
          -15.766392,
          13.878127,
          6.408191,
          1
        ]
      },
      {
        "date" : 778746385.385086,
        "title" : "Untitled",
        "transform" : [
          -0.045724623,
          -7.8093315e-10,
          0.99895406,
          0,
          0.44795194,
          0.8938225,
          0.020503929,
          0,
          -0.89288765,
          0.44842085,
          -0.040869795,
          0,
          -112.880066,
          69.46003,
          3.029684,
          1
        ]
      },
      {
        "date" : 778746378.143569,
        "title" : "Untitled",
        "transform" : [
          0.99999994,
          0,
          -0,
          0,
          -0,
          0.8660801,
          -0.4999053,
          0,
          0,
          0.4999053,
          0.8660801,
          0,
          0,
          84.6521,
          103.33304,
          1
        ]
      },
      {
        "date" : 778746373.873083,
        "title" : "Untitled",
        "transform" : [
          1,
          0,
          -0,
          0,
          -0,
          0.8657163,
          -0.50053513,
          0,
          0,
          0.50053513,
          0.8657163,
          0,
          0,
          121.79636,
          167.77863,
          1
        ]
      }
    ],
    "AF09ED6F-1707-48FD-8720-65B998362C09" : [
      {
        "date" : 778746369.314553,
        "title" : "Untitled",
        "transform" : [
          1,
          0,
          0,
          0,
          0,
          0.7071069,
          -0.70710677,
          0,
          0,
          0.70710677,
          0.7071069,
          0,
          0,
          1.8287902,
          1.8287904,
          1
        ]
      }
    ],
    "D66134B1-3681-4A8E-AFE5-29F257229F3B" : [
      {
        "date" : 778746472.56494,
        "title" : "Untitled",
        "transform" : [
          0.19935971,
          2.515208e-09,
          0.97992635,
          0,
          0.86076975,
          0.4779218,
          -0.17511806,
          0,
          -0.46832815,
          0.8784024,
          0.09527834,
          0,
          -1.2420704,
          2.2767158,
          0.049658258,
          1
        ]
      },
      {
        "date" : 778746398.935276,
        "title" : "Untitled",
        "transform" : [
          1,
          0,
          0,
          0,
          0,
          0.7071069,
          -0.70710677,
          0,
          0,
          0.70710677,
          0.7071069,
          0,
          -0.19895738,
          1.8360448,
          1.8215363,
          1
        ]
      }
    ]
  },
  "sceneViewportBackgroundColors" : {

  },
  "selectedSceneRelativePath" : "jet.usdc"
}