{
  "advancedEditorSelectedIdentifier" : "ProjectBrowser",
  "openSceneRelativePaths" : [
    "jet.usda"
  ],
  "recentIdentifiers" : {
    "E92F9A8C-6047-4BE8-ADB7-101786BFA0B3" : [

    ]
  },
  "sceneCameraHistory" : {
    "303CD67C-14A9-416F-9A79-B6A102231A95" : [
      {
        "date" : 778746660.959611,
        "title" : "Untitled",
        "transform" : [
          0.44965515,
          1.7182819e-08,
          0.8932023,
          0,
          0.6852044,
          0.64148873,
          -0.3449451,
          0,
          -0.5729793,
          0.7671325,
          0.28844875,
          0,
          -1.6735561,
          2.4286394,
          0.5879352,
          1
        ]
      },
      {
        "date" : 778746598.722927,
        "title" : "Untitled",
        "transform" : [
          0.38154513,
          1.5442978e-08,
          0.92435026,
          0,
          0.7727455,
          0.5487482,
          -0.31896707,
          0,
          -0.5072356,
          0.83598775,
          0.20937224,
          0,
          -1.6394426,
          2.4845052,
          0.39638123,
          1
        ]
      },
      {
        "date" : 778746595.60974,
        "title" : "Untitled",
        "transform" : [
          0.41742378,
          2.0667336e-08,
          0.90871197,
          0,
          0.44867823,
          0.86960286,
          -0.2061038,
          0,
          -0.79021853,
          0.49375188,
          0.36299294,
          0,
          -2.4361615,
          1.4115127,
          0.838573,
          1
        ]
      },
      {
        "date" : 778746576.482672,
        "title" : "Untitled",
        "transform" : [
          0.41742364,
          1.0420081e-08,
          0.9087119,
          0,
          0.6464802,
          0.7027622,
          -0.29696566,
          0,
          -0.6386084,
          0.71142465,
          0.29334977,
          0,
          -54.340023,
          73.63202,
          21.509277,
          1
        ]
      },
      {
        "date" : 778746558.323599,
        "title" : "Untitled",
        "transform" : [
          0.45574507,
          1.506364e-08,
          0.8901103,
          0,
          0.3686401,
          0.9102081,
          -0.18874742,
          0,
          -0.8101856,
          0.4141509,
          0.41482306,
          0,
          -73.32666,
          47.98989,
          34.019592,
          1
        ]
      },
      {
        "date" : 778746549.411209,
        "title" : "Untitled",
        "transform" : [
          0.45574507,
          1.506364e-08,
          0.8901103,
          0,
          0.3686401,
          0.9102081,
          -0.18874742,
          0,
          -0.8101856,
          0.4141509,
          0.41482306,
          0,
          -166.29227,
          127.03731,
          68.50644,
          1
        ]
      },
      {
        "date" : 778746548.13044,
        "title" : "Untitled",
        "transform" : [
          0.45574507,
          1.506364e-08,
          0.8901103,
          0,
          0.3686401,
          0.9102081,
          -0.18874742,
          0,
          -0.8101856,
          0.4141509,
          0.41482306,
          0,
          -176.58363,
          101.37016,
          74.03209,
          1
        ]
      },
      {
        "date" : 778746542.895054,
        "title" : "Untitled",
        "transform" : [
          0.7996931,
          2.1910358e-08,
          0.60040903,
          0,
          0.50860834,
          0.53142846,
          -0.67742264,
          0,
          -0.3190744,
          0.8471031,
          0.42497995,
          0,
          -58.809086,
          203.99594,
          56.916252,
          1
        ]
      },
      {
        "date" : 778746520.265868,
        "title" : "Untitled",
        "transform" : [
          0.3218172,
          2.0796184e-08,
          0.94680184,
          0,
          0.7262246,
          0.64161235,
          -0.2468432,
          0,
          -0.6074798,
          0.767029,
          0.20648208,
          0,
          -106.19923,
          191.12027,
          22.518478,
          1
        ]
      },
      {
        "date" : 778746513.894209,
        "title" : "Untitled",
        "transform" : [
          0.3218172,
          2.0796184e-08,
          0.94680184,
          0,
          0.7262246,
          0.64161235,
          -0.2468432,
          0,
          -0.6074798,
          0.767029,
          0.20648208,
          0,
          -93.16172,
          189.82245,
          65.69652,
          1
        ]
      }
    ],
    "AF09ED6F-1707-48FD-8720-65B998362C09" : [
      {
        "date" : 778746369.314553,
        "title" : "Untitled",
        "transform" : [
          1,
          0,
          0,
          0,
          0,
          0.7071069,
          -0.70710677,
          0,
          0,
          0.70710677,
          0.7071069,
          0,
          0,
          1.8287902,
          1.8287904,
          1
        ]
      }
    ],
    "D66134B1-3681-4A8E-AFE5-29F257229F3B" : [
      {
        "date" : 778746571.782318,
        "title" : "Untitled",
        "transform" : [
          0.5175856,
          -4.0679238e-09,
          0.8556314,
          0,
          0.75496054,
          0.47060663,
          -0.4566881,
          0,
          -0.4026658,
          0.88234323,
          0.24357913,
          0,
          -1.1366466,
          2.2868328,
          0.4550494,
          1
        ]
      },
      {
        "date" : 778746472.56494,
        "title" : "Untitled",
        "transform" : [
          0.19935971,
          2.515208e-09,
          0.97992635,
          0,
          0.86076975,
          0.4779218,
          -0.17511806,
          0,
          -0.46832815,
          0.8784024,
          0.09527834,
          0,
          -1.2420704,
          2.2767158,
          0.049658258,
          1
        ]
      },
      {
        "date" : 778746398.935276,
        "title" : "Untitled",
        "transform" : [
          1,
          0,
          0,
          0,
          0,
          0.7071069,
          -0.70710677,
          0,
          0,
          0.70710677,
          0.7071069,
          0,
          -0.19895738,
          1.8360448,
          1.8215363,
          1
        ]
      }
    ],
    "E92F9A8C-6047-4BE8-ADB7-101786BFA0B3" : [
      {
        "date" : 778747921.342783,
        "title" : "Untitled",
        "transform" : [
          0.80463725,
          1.1114015e-08,
          0.5937668,
          0,
          0.11200073,
          0.98204875,
          -0.15177642,
          0,
          -0.5831076,
          0.18862729,
          0.7901931,
          0,
          -0.09724389,
          0.07613823,
          0.15809709,
          1
        ]
      },
      {
        "date" : 778747903.350066,
        "title" : "Untitled",
        "transform" : [
          0.9021449,
          2.0407828e-08,
          0.43143326,
          0,
          0.24294469,
          0.82638174,
          -0.50800705,
          0,
          -0.3565282,
          0.56311035,
          0.7455161,
          0,
          -0.035475872,
          0.13823113,
          0.110402085,
          1
        ]
      },
      {
        "date" : 778747900.110925,
        "title" : "Untitled",
        "transform" : [
          0.9021449,
          2.0407828e-08,
          0.43143326,
          0,
          0.24294469,
          0.82638174,
          -0.50800705,
          0,
          -0.3565282,
          0.56311035,
          0.7455161,
          0,
          -0.046651397,
          0.10813746,
          0.12778826,
          1
        ]
      },
      {
        "date" : 778747841.721766,
        "title" : "Untitled",
        "transform" : [
          0.73757184,
          2.4731658e-08,
          0.6752685,
          0,
          0.27962208,
          0.910236,
          -0.30542108,
          0,
          -0.61465347,
          0.41408995,
          0.67136467,
          0,
          -0.10296156,
          0.0867923,
          0.13234353,
          1
        ]
      },
      {
        "date" : 778747834.504346,
        "title" : "Untitled",
        "transform" : [
          0.4703606,
          2.0676177e-08,
          0.88247424,
          0,
          0.23855732,
          0.96276844,
          -0.12715133,
          0,
          -0.84961826,
          0.2703276,
          0.45284843,
          0,
          -0.5561433,
          0.3094475,
          0.35572475,
          1
        ]
      },
      {
        "date" : 778747825.382815,
        "title" : "Untitled",
        "transform" : [
          0.47036067,
          2.0676179e-08,
          0.88247436,
          0,
          0.23855732,
          0.96276844,
          -0.12715133,
          0,
          -0.8496184,
          0.27032763,
          0.4528485,
          0,
          -0.37231594,
          0.30396482,
          0.70388806,
          1
        ]
      },
      {
        "date" : 778747812.95958,
        "title" : "Untitled",
        "transform" : [
          -0.8487876,
          -1.2926597e-08,
          0.528734,
          0,
          0.509986,
          0.26392978,
          0.8186913,
          0,
          -0.13954885,
          0.9645419,
          -0.22402024,
          0,
          -0.42037886,
          0.7219934,
          0.1687578,
          1
        ]
      },
      {
        "date" : 778747794.273172,
        "title" : "Untitled",
        "transform" : [
          0.16504622,
          -3.955495e-08,
          0.9862858,
          0,
          0.47243536,
          0.8778125,
          -0.079057656,
          0,
          -0.86577404,
          0.47900453,
          0.14487982,
          0,
          -0.49334696,
          0.44392553,
          0.53479975,
          1
        ]
      },
      {
        "date" : 778747759.814131,
        "title" : "Untitled",
        "transform" : [
          -0.5299928,
          -3.4760482e-08,
          0.84800225,
          0,
          0.014961568,
          0.9998444,
          0.009351092,
          0,
          -0.8478703,
          0.017643552,
          -0.52991015,
          0,
          -0.84282327,
          0.12696573,
          -0.0007662773,
          1
        ]
      },
      {
        "date" : 778747726.00199,
        "title" : "Untitled",
        "transform" : [
          0.40969217,
          -4.898325e-08,
          0.9122239,
          0,
          0.09820496,
          0.99418837,
          -0.044105083,
          0,
          -0.9069224,
          0.10765444,
          0.4073112,
          0,
          -0.47617877,
          0.19001228,
          0.6835788,
          1
        ]
      }
    ]
  },
  "sceneViewportBackgroundColors" : {

  },
  "selectedSceneRelativePath" : "jet.usda"
}