{
  "advancedEditorSelectedIdentifier" : "ProjectBrowser",
  "openSceneRelativePaths" : [
    "jet.usdc"
  ],
  "recentIdentifiers" : {
    "303CD67C-14A9-416F-9A79-B6A102231A95" : [

    ],
    "D66134B1-3681-4A8E-AFE5-29F257229F3B" : [

    ],
    "E92F9A8C-6047-4BE8-ADB7-101786BFA0B3" : [

    ]
  },
  "sceneCameraHistory" : {
    "303CD67C-14A9-416F-9A79-B6A102231A95" : [
      {
        "date" : 778957952.422927,
        "title" : "Untitled",
        "transform" : [
          0.30710566,
          1.41524215e-08,
          0.9516755,
          0,
          0.5899347,
          0.7846882,
          -0.19037187,
          0,
          -0.7467684,
          0.61989075,
          0.24098209,
          0,
          -0.30693728,
          0.29540452,
          0.06480904,
          1
        ]
      },
      {
        "date" : 778957949.916549,
        "title" : "Untitled",
        "transform" : [
          0.30710563,
          1.415242e-08,
          0.95167536,
          0,
          0.5899347,
          0.7846882,
          -0.19037187,
          0,
          -0.7467684,
          0.61989075,
          0.24098209,
          0,
          -0.35106036,
          0.24781062,
          0.07904753,
          1
        ]
      },
      {
        "date" : 778957907.343615,
        "title" : "Untitled",
        "transform" : [
          0.6540725,
          -1.865244e-08,
          0.75643194,
          0,
          0.34214136,
          0.89186096,
          -0.29584312,
          0,
          -0.67463213,
          0.4523095,
          0.58334166,
          0,
          -0.30213886,
          0.22188538,
          0.21791576,
          1
        ]
      },
      {
        "date" : 778957905.735819,
        "title" : "Untitled",
        "transform" : [
          0.5549914,
          -1.9509017e-08,
          0.83185613,
          0,
          0.4071332,
          0.872044,
          -0.2716279,
          0,
          -0.7254153,
          0.48942745,
          0.4839769,
          0,
          -0.31884128,
          0.23729934,
          0.1733135,
          1
        ]
      },
      {
        "date" : 778957821.493796,
        "title" : "Untitled",
        "transform" : [
          0.59998345,
          -2.4815094e-08,
          0.80001235,
          0,
          0.28986016,
          0.9320539,
          -0.21738568,
          0,
          -0.74565476,
          0.36231962,
          0.5592169,
          0,
          -0.33256954,
          0.18427925,
          0.20843926,
          1
        ]
      },
      {
        "date" : 778957815.443413,
        "title" : "Untitled",
        "transform" : [
          0.14866808,
          -2.7497917e-08,
          0.98888713,
          0,
          0.62081,
          0.7783856,
          -0.093331754,
          0,
          -0.7697356,
          0.6277865,
          0.11572111,
          0,
          -0.3182164,
          0.2941611,
          0.014689673,
          1
        ]
      },
      {
        "date" : 778957798.109418,
        "title" : "Untitled",
        "transform" : [
          0.44452322,
          -2.9267248e-08,
          0.8957673,
          0,
          0.3950728,
          0.8974856,
          -0.19605425,
          0,
          -0.8039382,
          0.4410439,
          0.39895323,
          0,
          -45.654896,
          28.376087,
          17.874886,
          1
        ]
      },
      {
        "date" : 778957794.710711,
        "title" : "Untitled",
        "transform" : [
          0.40580845,
          -1.2156897e-08,
          0.91395813,
          0,
          0.77862436,
          0.523663,
          -0.3457186,
          0,
          -0.47860602,
          0.85192555,
          0.2125069,
          0,
          -25.650894,
          50.061783,
          6.7031817,
          1
        ]
      },
      {
        "date" : 778957786.387479,
        "title" : "Untitled",
        "transform" : [
          0.5684636,
          -2.0978659e-08,
          0.8227084,
          0,
          0.29901725,
          0.9316118,
          -0.2066108,
          0,
          -0.76644486,
          0.36345473,
          0.52958745,
          0,
          -44.45005,
          24.137905,
          25.507597,
          1
        ]
      },
      {
        "date" : 778746660.959611,
        "title" : "Untitled",
        "transform" : [
          0.44965515,
          1.7182819e-08,
          0.8932023,
          0,
          0.6852044,
          0.64148873,
          -0.3449451,
          0,
          -0.5729793,
          0.7671325,
          0.28844875,
          0,
          -1.6735561,
          2.4286394,
          0.5879352,
          1
        ]
      }
    ],
    "AF09ED6F-1707-48FD-8720-65B998362C09" : [
      {
        "date" : 778746369.314553,
        "title" : "Untitled",
        "transform" : [
          1,
          0,
          0,
          0,
          0,
          0.7071069,
          -0.70710677,
          0,
          0,
          0.70710677,
          0.7071069,
          0,
          0,
          1.8287902,
          1.8287904,
          1
        ]
      }
    ],
    "D66134B1-3681-4A8E-AFE5-29F257229F3B" : [
      {
        "date" : 778957623.562299,
        "title" : "Untitled",
        "transform" : [
          0.17063764,
          -9.8906676e-05,
          -0.9853339,
          0,
          -0.6714067,
          0.7318994,
          -0.11634599,
          0,
          0.7211768,
          0.6814127,
          0.12482317,
          0,
          0.109946966,
          0.1350307,
          0.030495366,
          1
        ]
      },
      {
        "date" : 778957205.678382,
        "title" : "Untitled",
        "transform" : [
          -0.18939185,
          -9.890522e-05,
          -0.9819017,
          0,
          -0.21045075,
          0.9767655,
          0.04049392,
          0,
          0.9590837,
          0.21431117,
          -0.18501224,
          0,
          0.10432503,
          0.036856096,
          -0.01287455,
          1
        ]
      },
      {
        "date" : 778957202.676642,
        "title" : "Untitled",
        "transform" : [
          -0.22749491,
          -9.8898934e-05,
          -0.9737793,
          0,
          0.4106145,
          0.9067392,
          -0.096020095,
          0,
          0.8829733,
          -0.42169195,
          -0.20623793,
          0,
          0.11670186,
          -0.011690055,
          -0.011415508,
          1
        ]
      },
      {
        "date" : 778957186.364417,
        "title" : "Untitled",
        "transform" : [
          0.0815907,
          -3.069568e-09,
          -0.9966659,
          0,
          0.21249293,
          0.9770078,
          0.017395413,
          0,
          0.97375023,
          -0.21320407,
          0.07971481,
          0,
          0.0767858,
          0.010369572,
          0.014954995,
          1
        ]
      },
      {
        "date" : 778957177.739535,
        "title" : "Untitled",
        "transform" : [
          0.83172315,
          7.617436e-10,
          -0.55519074,
          0,
          0.0051916977,
          0.9999563,
          0.0077775535,
          0,
          0.5551663,
          -0.009351237,
          0.83168674,
          0,
          0.07429656,
          -0.00083251524,
          0.13347004,
          1
        ]
      },
      {
        "date" : 778957174.306785,
        "title" : "Untitled",
        "transform" : [
          -0.061445273,
          -6.8798354e-09,
          0.9981105,
          0,
          0.58496517,
          0.81025857,
          0.036011405,
          0,
          -0.8087276,
          0.58607256,
          -0.049786627,
          0,
          -0.121781155,
          0.089517035,
          -0.019205004,
          1
        ]
      },
      {
        "date" : 778746571.782318,
        "title" : "Untitled",
        "transform" : [
          0.5175856,
          -4.0679238e-09,
          0.8556314,
          0,
          0.75496054,
          0.47060663,
          -0.4566881,
          0,
          -0.4026658,
          0.88234323,
          0.24357913,
          0,
          -1.1366466,
          2.2868328,
          0.4550494,
          1
        ]
      },
      {
        "date" : 778746472.56494,
        "title" : "Untitled",
        "transform" : [
          0.19935971,
          2.515208e-09,
          0.97992635,
          0,
          0.86076975,
          0.4779218,
          -0.17511806,
          0,
          -0.46832815,
          0.8784024,
          0.09527834,
          0,
          -1.2420704,
          2.2767158,
          0.049658258,
          1
        ]
      },
      {
        "date" : 778746398.935276,
        "title" : "Untitled",
        "transform" : [
          1,
          0,
          0,
          0,
          0,
          0.7071069,
          -0.70710677,
          0,
          0,
          0.70710677,
          0.7071069,
          0,
          -0.19895738,
          1.8360448,
          1.8215363,
          1
        ]
      }
    ],
    "E92F9A8C-6047-4BE8-ADB7-101786BFA0B3" : [
      {
        "date" : 778957725.83992,
        "title" : "Untitled",
        "transform" : [
          -0.06683045,
          -3.7807176e-08,
          0.9977644,
          0,
          0.5613491,
          0.8267246,
          0.037599392,
          0,
          -0.8248765,
          0.5626067,
          -0.055249967,
          0,
          -0.40470654,
          0.25953484,
          0.034668192,
          1
        ]
      },
      {
        "date" : 778957721.316447,
        "title" : "Untitled",
        "transform" : [
          0.34486568,
          -3.8059397e-08,
          0.9386521,
          0,
          0.31023094,
          0.9438036,
          -0.11398033,
          0,
          -0.8859031,
          0.33050662,
          0.3254859,
          0,
          -0.39904135,
          0.16669622,
          0.3934708,
          1
        ]
      },
      {
        "date" : 778957708.418655,
        "title" : "Untitled",
        "transform" : [
          -0.007865135,
          -3.7856477e-08,
          0.99996907,
          0,
          0.3400301,
          0.94041073,
          0.0026746015,
          0,
          -0.94038165,
          0.34004045,
          -0.0073960153,
          0,
          -0.51034933,
          0.17185116,
          0.22770958,
          1
        ]
      },
      {
        "date" : 778957704.67312,
        "title" : "Untitled",
        "transform" : [
          0.7194525,
          -3.7868652e-08,
          0.69454163,
          0,
          0.22843987,
          0.9443622,
          -0.23663305,
          0,
          -0.6558986,
          0.32890704,
          0.6794241,
          0,
          -0.33848765,
          0.25360215,
          0.7341645,
          1
        ]
      },
      {
        "date" : 778957691.893097,
        "title" : "Untitled",
        "transform" : [
          0.86011934,
          -3.56321e-08,
          0.51009285,
          0,
          0.21451166,
          0.9072766,
          -0.36170968,
          0,
          -0.46279487,
          0.4205342,
          0.7803664,
          0,
          -0.9568552,
          0.74201417,
          1.3256909,
          1
        ]
      },
      {
        "date" : 778957651.950402,
        "title" : "Untitled",
        "transform" : [
          0.8363583,
          -3.0818356e-08,
          0.548183,
          0,
          0.20622458,
          0.9265399,
          -0.31463495,
          0,
          -0.5079132,
          0.37619627,
          0.77491987,
          0,
          -0.75494754,
          0.34028384,
          0.8920648,
          1
        ]
      },
      {
        "date" : 778957643.359205,
        "title" : "Untitled",
        "transform" : [
          0.96656036,
          -3.6642756e-08,
          0.2564391,
          0,
          0.1689854,
          0.75217044,
          -0.63693285,
          0,
          -0.19288543,
          0.65896845,
          0.7270185,
          0,
          -0.06945317,
          0.12489987,
          0.16291654,
          1
        ]
      },
      {
        "date" : 778957638.889044,
        "title" : "Untitled",
        "transform" : [
          0.8574699,
          -3.537886e-08,
          0.51453406,
          0,
          0.311789,
          0.79549235,
          -0.5195955,
          0,
          -0.4093075,
          0.60596347,
          0.6821112,
          0,
          -0.116111614,
          0.11261522,
          0.144227,
          1
        ]
      },
      {
        "date" : 778957637.071081,
        "title" : "Untitled",
        "transform" : [
          0.8431551,
          -3.1835572e-08,
          0.5376704,
          0,
          0.29455212,
          0.8365897,
          -0.46190566,
          0,
          -0.44980904,
          0.5478299,
          0.70537525,
          0,
          -0.12405031,
          0.09928026,
          0.14737867,
          1
        ]
      },
      {
        "date" : 778957584.245919,
        "title" : "Untitled",
        "transform" : [
          0.7805986,
          -2.7056597e-08,
          0.6250327,
          0,
          0.21624985,
          0.93824136,
          -0.27007255,
          0,
          -0.58643115,
          0.34598133,
          0.7323903,
          0,
          -0.15003327,
          0.053864058,
          0.14681351,
          1
        ]
      }
    ]
  },
  "sceneViewportBackgroundColors" : {

  },
  "selectedSceneRelativePath" : "jet.usdc"
}