{
  "advancedEditorSelectedIdentifier" : "ProjectBrowser",
  "openSceneRelativePaths" : [
    "jet.usda"
  ],
  "recentIdentifiers" : {
    "E92F9A8C-6047-4BE8-ADB7-101786BFA0B3" : [

    ]
  },
  "sceneCameraHistory" : {
    "303CD67C-14A9-416F-9A79-B6A102231A95" : [
      {
        "date" : 778746660.959611,
        "title" : "Untitled",
        "transform" : [
          0.44965515,
          1.7182819e-08,
          0.8932023,
          0,
          0.6852044,
          0.64148873,
          -0.3449451,
          0,
          -0.5729793,
          0.7671325,
          0.28844875,
          0,
          -1.6735561,
          2.4286394,
          0.5879352,
          1
        ]
      },
      {
        "date" : 778746598.722927,
        "title" : "Untitled",
        "transform" : [
          0.38154513,
          1.5442978e-08,
          0.92435026,
          0,
          0.7727455,
          0.5487482,
          -0.31896707,
          0,
          -0.5072356,
          0.83598775,
          0.20937224,
          0,
          -1.6394426,
          2.4845052,
          0.39638123,
          1
        ]
      },
      {
        "date" : 778746595.60974,
        "title" : "Untitled",
        "transform" : [
          0.41742378,
          2.0667336e-08,
          0.90871197,
          0,
          0.44867823,
          0.86960286,
          -0.2061038,
          0,
          -0.79021853,
          0.49375188,
          0.36299294,
          0,
          -2.4361615,
          1.4115127,
          0.838573,
          1
        ]
      },
      {
        "date" : 778746576.482672,
        "title" : "Untitled",
        "transform" : [
          0.41742364,
          1.0420081e-08,
          0.9087119,
          0,
          0.6464802,
          0.7027622,
          -0.29696566,
          0,
          -0.6386084,
          0.71142465,
          0.29334977,
          0,
          -54.340023,
          73.63202,
          21.509277,
          1
        ]
      },
      {
        "date" : 778746558.323599,
        "title" : "Untitled",
        "transform" : [
          0.45574507,
          1.506364e-08,
          0.8901103,
          0,
          0.3686401,
          0.9102081,
          -0.18874742,
          0,
          -0.8101856,
          0.4141509,
          0.41482306,
          0,
          -73.32666,
          47.98989,
          34.019592,
          1
        ]
      },
      {
        "date" : 778746549.411209,
        "title" : "Untitled",
        "transform" : [
          0.45574507,
          1.506364e-08,
          0.8901103,
          0,
          0.3686401,
          0.9102081,
          -0.18874742,
          0,
          -0.8101856,
          0.4141509,
          0.41482306,
          0,
          -166.29227,
          127.03731,
          68.50644,
          1
        ]
      },
      {
        "date" : 778746548.13044,
        "title" : "Untitled",
        "transform" : [
          0.45574507,
          1.506364e-08,
          0.8901103,
          0,
          0.3686401,
          0.9102081,
          -0.18874742,
          0,
          -0.8101856,
          0.4141509,
          0.41482306,
          0,
          -176.58363,
          101.37016,
          74.03209,
          1
        ]
      },
      {
        "date" : 778746542.895054,
        "title" : "Untitled",
        "transform" : [
          0.7996931,
          2.1910358e-08,
          0.60040903,
          0,
          0.50860834,
          0.53142846,
          -0.67742264,
          0,
          -0.3190744,
          0.8471031,
          0.42497995,
          0,
          -58.809086,
          203.99594,
          56.916252,
          1
        ]
      },
      {
        "date" : 778746520.265868,
        "title" : "Untitled",
        "transform" : [
          0.3218172,
          2.0796184e-08,
          0.94680184,
          0,
          0.7262246,
          0.64161235,
          -0.2468432,
          0,
          -0.6074798,
          0.767029,
          0.20648208,
          0,
          -106.19923,
          191.12027,
          22.518478,
          1
        ]
      },
      {
        "date" : 778746513.894209,
        "title" : "Untitled",
        "transform" : [
          0.3218172,
          2.0796184e-08,
          0.94680184,
          0,
          0.7262246,
          0.64161235,
          -0.2468432,
          0,
          -0.6074798,
          0.767029,
          0.20648208,
          0,
          -93.16172,
          189.82245,
          65.69652,
          1
        ]
      }
    ],
    "AF09ED6F-1707-48FD-8720-65B998362C09" : [
      {
        "date" : 778746369.314553,
        "title" : "Untitled",
        "transform" : [
          1,
          0,
          0,
          0,
          0,
          0.7071069,
          -0.70710677,
          0,
          0,
          0.70710677,
          0.7071069,
          0,
          0,
          1.8287902,
          1.8287904,
          1
        ]
      }
    ],
    "D66134B1-3681-4A8E-AFE5-29F257229F3B" : [
      {
        "date" : 778746571.782318,
        "title" : "Untitled",
        "transform" : [
          0.5175856,
          -4.0679238e-09,
          0.8556314,
          0,
          0.75496054,
          0.47060663,
          -0.4566881,
          0,
          -0.4026658,
          0.88234323,
          0.24357913,
          0,
          -1.1366466,
          2.2868328,
          0.4550494,
          1
        ]
      },
      {
        "date" : 778746472.56494,
        "title" : "Untitled",
        "transform" : [
          0.19935971,
          2.515208e-09,
          0.97992635,
          0,
          0.86076975,
          0.4779218,
          -0.17511806,
          0,
          -0.46832815,
          0.8784024,
          0.09527834,
          0,
          -1.2420704,
          2.2767158,
          0.049658258,
          1
        ]
      },
      {
        "date" : 778746398.935276,
        "title" : "Untitled",
        "transform" : [
          1,
          0,
          0,
          0,
          0,
          0.7071069,
          -0.70710677,
          0,
          0,
          0.70710677,
          0.7071069,
          0,
          -0.19895738,
          1.8360448,
          1.8215363,
          1
        ]
      }
    ],
    "E92F9A8C-6047-4BE8-ADB7-101786BFA0B3" : [
      {
        "date" : 778747970.886148,
        "title" : "Untitled",
        "transform" : [
          0.5434023,
          -4.3118327e-09,
          0.8394723,
          0,
          0.33662853,
          0.9160781,
          -0.21790422,
          0,
          -0.76902187,
          0.4010001,
          0.49779943,
          0,
          -0.17459501,
          0.09674181,
          0.105571315,
          1
        ]
      },
      {
        "date" : 778747968.372209,
        "title" : "Untitled",
        "transform" : [
          0.5434023,
          -4.3118327e-09,
          0.8394723,
          0,
          0.33662853,
          0.9160781,
          -0.21790422,
          0,
          -0.76902187,
          0.4010001,
          0.49779943,
          0,
          -0.118094325,
          0.11382744,
          0.09505912,
          1
        ]
      },
      {
        "date" : 778747967.170662,
        "title" : "Untitled",
        "transform" : [
          0.5434023,
          -4.3118327e-09,
          0.8394723,
          0,
          0.33662853,
          0.9160781,
          -0.21790422,
          0,
          -0.76902187,
          0.4010001,
          0.49779943,
          0,
          -0.118001595,
          0.11377908,
          0.09499909,
          1
        ]
      },
      {
        "date" : 778747959.371736,
        "title" : "Untitled",
        "transform" : [
          0.6068245,
          -1.6415251e-09,
          0.79483575,
          0,
          0.16051558,
          0.9793963,
          -0.1225469,
          0,
          -0.77845883,
          0.2019481,
          0.59432214,
          0,
          -0.13668747,
          0.07864322,
          0.12401566,
          1
        ]
      },
      {
        "date" : 778747957.53699,
        "title" : "Untitled",
        "transform" : [
          0.6528651,
          1.5537771e-09,
          0.7574741,
          0,
          -0.021742115,
          0.999588,
          0.018739643,
          0,
          -0.7571617,
          -0.02870344,
          0.6525966,
          0,
          -0.1390632,
          0.034242548,
          0.14048834,
          1
        ]
      },
      {
        "date" : 778747929.278833,
        "title" : "Untitled",
        "transform" : [
          0.6414308,
          3.3884293e-09,
          0.76718074,
          0,
          0.21196537,
          0.96107405,
          -0.17722157,
          0,
          -0.73731726,
          0.2762912,
          0.6164628,
          0,
          -0.12603118,
          0.09248313,
          0.12574224,
          1
        ]
      },
      {
        "date" : 778747921.342783,
        "title" : "Untitled",
        "transform" : [
          0.80463725,
          1.1114015e-08,
          0.5937668,
          0,
          0.11200073,
          0.98204875,
          -0.15177642,
          0,
          -0.5831076,
          0.18862729,
          0.7901931,
          0,
          -0.09724389,
          0.07613823,
          0.15809709,
          1
        ]
      },
      {
        "date" : 778747903.350066,
        "title" : "Untitled",
        "transform" : [
          0.9021449,
          2.0407828e-08,
          0.43143326,
          0,
          0.24294469,
          0.82638174,
          -0.50800705,
          0,
          -0.3565282,
          0.56311035,
          0.7455161,
          0,
          -0.035475872,
          0.13823113,
          0.110402085,
          1
        ]
      },
      {
        "date" : 778747900.110925,
        "title" : "Untitled",
        "transform" : [
          0.9021449,
          2.0407828e-08,
          0.43143326,
          0,
          0.24294469,
          0.82638174,
          -0.50800705,
          0,
          -0.3565282,
          0.56311035,
          0.7455161,
          0,
          -0.046651397,
          0.10813746,
          0.12778826,
          1
        ]
      },
      {
        "date" : 778747841.721766,
        "title" : "Untitled",
        "transform" : [
          0.73757184,
          2.4731658e-08,
          0.6752685,
          0,
          0.27962208,
          0.910236,
          -0.30542108,
          0,
          -0.61465347,
          0.41408995,
          0.67136467,
          0,
          -0.10296156,
          0.0867923,
          0.13234353,
          1
        ]
      }
    ]
  },
  "sceneViewportBackgroundColors" : {

  },
  "selectedSceneRelativePath" : "jet.usda"
}