{
  "advancedEditorSelectedIdentifier" : "ProjectBrowser",
  "openSceneRelativePaths" : [
    "Immersive.usda",
    "Scene.usda",
    "jet.usda"
  ],
  "recentIdentifiers" : {

  },
  "sceneCameraHistory" : {
    "303CD67C-14A9-416F-9A79-B6A102231A95" : [
      {
        "date" : 778746660.959611,
        "title" : "Untitled",
        "transform" : [
          0.44965515,
          1.7182819e-08,
          0.8932023,
          0,
          0.6852044,
          0.64148873,
          -0.3449451,
          0,
          -0.5729793,
          0.7671325,
          0.28844875,
          0,
          -1.6735561,
          2.4286394,
          0.5879352,
          1
        ]
      },
      {
        "date" : 778746598.722927,
        "title" : "Untitled",
        "transform" : [
          0.38154513,
          1.5442978e-08,
          0.92435026,
          0,
          0.7727455,
          0.5487482,
          -0.31896707,
          0,
          -0.5072356,
          0.83598775,
          0.20937224,
          0,
          -1.6394426,
          2.4845052,
          0.39638123,
          1
        ]
      },
      {
        "date" : 778746595.60974,
        "title" : "Untitled",
        "transform" : [
          0.41742378,
          2.0667336e-08,
          0.90871197,
          0,
          0.44867823,
          0.86960286,
          -0.2061038,
          0,
          -0.79021853,
          0.49375188,
          0.36299294,
          0,
          -2.4361615,
          1.4115127,
          0.838573,
          1
        ]
      },
      {
        "date" : 778746576.482672,
        "title" : "Untitled",
        "transform" : [
          0.41742364,
          1.0420081e-08,
          0.9087119,
          0,
          0.6464802,
          0.7027622,
          -0.29696566,
          0,
          -0.6386084,
          0.71142465,
          0.29334977,
          0,
          -54.340023,
          73.63202,
          21.509277,
          1
        ]
      },
      {
        "date" : 778746558.323599,
        "title" : "Untitled",
        "transform" : [
          0.45574507,
          1.506364e-08,
          0.8901103,
          0,
          0.3686401,
          0.9102081,
          -0.18874742,
          0,
          -0.8101856,
          0.4141509,
          0.41482306,
          0,
          -73.32666,
          47.98989,
          34.019592,
          1
        ]
      },
      {
        "date" : 778746549.411209,
        "title" : "Untitled",
        "transform" : [
          0.45574507,
          1.506364e-08,
          0.8901103,
          0,
          0.3686401,
          0.9102081,
          -0.18874742,
          0,
          -0.8101856,
          0.4141509,
          0.41482306,
          0,
          -166.29227,
          127.03731,
          68.50644,
          1
        ]
      },
      {
        "date" : 778746548.13044,
        "title" : "Untitled",
        "transform" : [
          0.45574507,
          1.506364e-08,
          0.8901103,
          0,
          0.3686401,
          0.9102081,
          -0.18874742,
          0,
          -0.8101856,
          0.4141509,
          0.41482306,
          0,
          -176.58363,
          101.37016,
          74.03209,
          1
        ]
      },
      {
        "date" : 778746542.895054,
        "title" : "Untitled",
        "transform" : [
          0.7996931,
          2.1910358e-08,
          0.60040903,
          0,
          0.50860834,
          0.53142846,
          -0.67742264,
          0,
          -0.3190744,
          0.8471031,
          0.42497995,
          0,
          -58.809086,
          203.99594,
          56.916252,
          1
        ]
      },
      {
        "date" : 778746520.265868,
        "title" : "Untitled",
        "transform" : [
          0.3218172,
          2.0796184e-08,
          0.94680184,
          0,
          0.7262246,
          0.64161235,
          -0.2468432,
          0,
          -0.6074798,
          0.767029,
          0.20648208,
          0,
          -106.19923,
          191.12027,
          22.518478,
          1
        ]
      },
      {
        "date" : 778746513.894209,
        "title" : "Untitled",
        "transform" : [
          0.3218172,
          2.0796184e-08,
          0.94680184,
          0,
          0.7262246,
          0.64161235,
          -0.2468432,
          0,
          -0.6074798,
          0.767029,
          0.20648208,
          0,
          -93.16172,
          189.82245,
          65.69652,
          1
        ]
      }
    ],
    "AF09ED6F-1707-48FD-8720-65B998362C09" : [
      {
        "date" : 778746369.314553,
        "title" : "Untitled",
        "transform" : [
          1,
          0,
          0,
          0,
          0,
          0.7071069,
          -0.70710677,
          0,
          0,
          0.70710677,
          0.7071069,
          0,
          0,
          1.8287902,
          1.8287904,
          1
        ]
      }
    ],
    "D66134B1-3681-4A8E-AFE5-29F257229F3B" : [
      {
        "date" : 778746571.782318,
        "title" : "Untitled",
        "transform" : [
          0.5175856,
          -4.0679238e-09,
          0.8556314,
          0,
          0.75496054,
          0.47060663,
          -0.4566881,
          0,
          -0.4026658,
          0.88234323,
          0.24357913,
          0,
          -1.1366466,
          2.2868328,
          0.4550494,
          1
        ]
      },
      {
        "date" : 778746472.56494,
        "title" : "Untitled",
        "transform" : [
          0.19935971,
          2.515208e-09,
          0.97992635,
          0,
          0.86076975,
          0.4779218,
          -0.17511806,
          0,
          -0.46832815,
          0.8784024,
          0.09527834,
          0,
          -1.2420704,
          2.2767158,
          0.049658258,
          1
        ]
      },
      {
        "date" : 778746398.935276,
        "title" : "Untitled",
        "transform" : [
          1,
          0,
          0,
          0,
          0,
          0.7071069,
          -0.70710677,
          0,
          0,
          0.70710677,
          0.7071069,
          0,
          -0.19895738,
          1.8360448,
          1.8215363,
          1
        ]
      }
    ],
    "E92F9A8C-6047-4BE8-ADB7-101786BFA0B3" : [
      {
        "date" : 778747224.327349,
        "title" : "Untitled",
        "transform" : [
          0.9111168,
          4.5663036e-08,
          0.41214842,
          0,
          0.29257664,
          0.7043212,
          -0.6467849,
          0,
          -0.29028502,
          0.7098813,
          0.641719,
          0,
          -0.4279716,
          0.8119111,
          0.64363605,
          1
        ]
      },
      {
        "date" : 778747205.52132,
        "title" : "Untitled",
        "transform" : [
          0.6977599,
          -9.0643475e-09,
          0.7163317,
          0,
          0.6940705,
          0.24736175,
          -0.6760757,
          0,
          -0.17719333,
          0.96892315,
          0.17259935,
          0,
          -0.2520436,
          1.0822648,
          0.07148574,
          1
        ]
      },
      {
        "date" : 778747200.574813,
        "title" : "Untitled",
        "transform" : [
          0.081815906,
          -1.4829707e-08,
          0.9966475,
          0,
          0.2180588,
          0.9757715,
          -0.017900582,
          0,
          -0.97250026,
          0.21879196,
          0.07983363,
          0,
          -1.075733,
          0.2852716,
          -0.036769602,
          1
        ]
      },
      {
        "date" : 778747194.678077,
        "title" : "Untitled",
        "transform" : [
          0.26224265,
          -8.511151e-09,
          0.96500194,
          0,
          0.9284426,
          0.27264512,
          -0.25230742,
          0,
          -0.2631034,
          0.9621146,
          0.07149922,
          0,
          -0.25978434,
          1.0619556,
          -0.05858212,
          1
        ]
      },
      {
        "date" : 778747188.894364,
        "title" : "Untitled",
        "transform" : [
          0.8563566,
          1.4390249e-08,
          0.51638466,
          0,
          0.5087839,
          0.1709445,
          -0.84375167,
          0,
          -0.08827329,
          0.9852806,
          0.14638966,
          0,
          -0.16906168,
          1.0805471,
          0.03896072,
          1
        ]
      },
      {
        "date" : 778747179.143089,
        "title" : "Untitled",
        "transform" : [
          0.54037815,
          1.5993088e-08,
          0.8414222,
          0,
          0.49869037,
          0.8054414,
          -0.32026884,
          0,
          -0.67771643,
          0.59267527,
          0.435243,
          0,
          -0.78551453,
          0.68883586,
          0.3563211,
          1
        ]
      },
      {
        "date" : 778747167.199141,
        "title" : "Untitled",
        "transform" : [
          0.55017835,
          -2.1221167e-09,
          0.8350472,
          0,
          0.77074814,
          0.3848012,
          -0.50781435,
          0,
          -0.32132718,
          0.92299944,
          0.21170935,
          0,
          -0.38291842,
          1.0301727,
          0.10300624,
          1
        ]
      },
      {
        "date" : 778747149.45834,
        "title" : "Untitled",
        "transform" : [
          0.40621465,
          -1.7553251e-09,
          0.9137777,
          0,
          0.56223255,
          0.7883057,
          -0.24993727,
          0,
          -0.7203362,
          0.61528367,
          0.32022136,
          0,
          -0.81237674,
          0.71276873,
          0.2247165,
          1
        ]
      },
      {
        "date" : 778747133.435476,
        "title" : "Untitled",
        "transform" : [
          0.99707246,
          8.0183427e-10,
          0.07646201,
          0,
          0.0062075984,
          0.9966991,
          -0.08094795,
          0,
          -0.07620958,
          0.08118565,
          0.9937812,
          0,
          -0.50210166,
          0.7174455,
          2.5053687,
          1
        ]
      },
      {
        "date" : 778747131.633573,
        "title" : "Untitled",
        "transform" : [
          0.99707246,
          8.0183427e-10,
          0.07646201,
          0,
          0.0062075984,
          0.9966991,
          -0.08094795,
          0,
          -0.07620958,
          0.08118565,
          0.9937812,
          0,
          -0.1898078,
          0.67850375,
          2.5324986,
          1
        ]
      }
    ]
  },
  "sceneViewportBackgroundColors" : {

  },
  "selectedSceneRelativePath" : "jet.usda"
}