{
  "advancedEditorSelectedIdentifier" : "ProjectBrowser",
  "openSceneRelativePaths" : [
    "jet.usdc",
    "Scene.usda"
  ],
  "recentIdentifiers" : {
    "303CD67C-14A9-416F-9A79-B6A102231A95" : [

    ],
    "AF09ED6F-1707-48FD-8720-65B998362C09" : [

    ],
    "D66134B1-3681-4A8E-AFE5-29F257229F3B" : [

    ],
    "E92F9A8C-6047-4BE8-ADB7-101786BFA0B3" : [

    ]
  },
  "sceneCameraHistory" : {
    "303CD67C-14A9-416F-9A79-B6A102231A95" : [
      {
        "date" : 778959253.643388,
        "title" : "Untitled",
        "transform" : [
          0.9996546,
          0.016685216,
          -0.0203039,
          0,
          -0.022861455,
          0.93316334,
          -0.35872474,
          0,
          0.012961447,
          0.35906494,
          0.93322253,
          0,
          -0.1956992,
          0.3283654,
          1.2403069,
          1
        ]
      },
      {
        "date" : 778959129.387916,
        "title" : "Untitled",
        "transform" : [
          0.9905485,
          0.016685216,
          -0.13614433,
          0,
          -0.10179929,
          0.7546551,
          -0.6481764,
          0,
          0.091927044,
          0.6559094,
          0.7492211,
          0,
          -0.03154926,
          0.9006592,
          1.0370777,
          1
        ]
      },
      {
        "date" : 778959114.97012,
        "title" : "Untitled",
        "transform" : [
          -0.003997329,
          0.016685216,
          0.99985284,
          0,
          0.49530303,
          0.8686302,
          -0.012515232,
          0,
          -0.86871105,
          0.49518004,
          -0.011736462,
          0,
          -1.1716764,
          0.710115,
          0.13644178,
          1
        ]
      },
      {
        "date" : 778959112.249617,
        "title" : "Untitled",
        "transform" : [
          -0.003997372,
          0.016685253,
          0.99985284,
          0,
          0.9429601,
          0.33290136,
          -0.0017854295,
          0,
          -0.33288208,
          0.9428141,
          -0.017064376,
          0,
          -0.2659168,
          1.0320174,
          0.24768493,
          1
        ]
      },
      {
        "date" : 778959108.0713,
        "title" : "Untitled",
        "transform" : [
          -0.98094267,
          0.01668525,
          0.19358003,
          0,
          0.12904312,
          0.8007832,
          0.584888,
          0,
          -0.14525653,
          0.5987218,
          -0.7876756,
          0,
          -0.27229345,
          0.6853747,
          -0.6898953,
          1
        ]
      },
      {
        "date" : 778959106.179413,
        "title" : "Untitled",
        "transform" : [
          -0.410369,
          0.01668525,
          0.9117669,
          0,
          0.5139658,
          0.8301354,
          0.21613489,
          0,
          -0.7532836,
          0.5573121,
          -0.34923762,
          0,
          -0.9057873,
          0.63910365,
          -0.1421994,
          1
        ]
      },
      {
        "date" : 778959058.493949,
        "title" : "Untitled",
        "transform" : [
          0.996693,
          0.016685262,
          0.07952634,
          0,
          0.005462366,
          0.9627198,
          -0.27044538,
          0,
          -0.08107422,
          0.2699854,
          0.959445,
          0,
          0.061210968,
          0.16525602,
          0.8062235,
          1
        ]
      },
      {
        "date" : 778959042.558619,
        "title" : "Untitled",
        "transform" : [
          0.9904376,
          0.01668526,
          0.13694873,
          0,
          0.042343047,
          0.9079851,
          -0.41685754,
          0,
          -0.13130295,
          0.41867012,
          0.89859605,
          0,
          0.029479928,
          0.2638703,
          0.75133574,
          1
        ]
      },
      {
        "date" : 778959033.040398,
        "title" : "Untitled",
        "transform" : [
          0.9864891,
          0.016685259,
          0.16297509,
          0,
          0.05262163,
          0.90981466,
          -0.41166514,
          0,
          -0.15514603,
          0.41467914,
          0.89664423,
          0,
          0.013388139,
          0.26126882,
          0.7536895,
          1
        ]
      },
      {
        "date" : 778959031.050228,
        "title" : "Untitled",
        "transform" : [
          0.9864863,
          0.016685259,
          0.16299167,
          0,
          0.051509865,
          0.9127773,
          -0.4051969,
          0,
          -0.15553604,
          0.40811682,
          0.8995828,
          0,
          0.012970494,
          0.25698552,
          0.75659454,
          1
        ]
      }
    ],
    "AF09ED6F-1707-48FD-8720-65B998362C09" : [
      {
        "date" : 778959351.034735,
        "title" : "Untitled",
        "transform" : [
          0.36612678,
          -2.7178122e-09,
          0.930565,
          0,
          0.18763721,
          0.9794602,
          -0.07382505,
          0,
          -0.91145134,
          0.20163788,
          0.35860664,
          0,
          -3.9928117,
          0.6339124,
          -0.34660852,
          1
        ]
      },
      {
        "date" : 778959347.766402,
        "title" : "Untitled",
        "transform" : [
          0.93596584,
          -1.5481182e-09,
          -0.3520908,
          0,
          -0.13659492,
          0.92167884,
          -0.3631114,
          0,
          0.32451466,
          0.3879536,
          0.86265993,
          0,
          0.5870249,
          1.3127645,
          1.3176916,
          1
        ]
      },
      {
        "date" : 778959341.008608,
        "title" : "Untitled",
        "transform" : [
          0.99947774,
          -1.1649041e-09,
          0.032313842,
          0,
          0.012142935,
          0.9267084,
          -0.3755849,
          0,
          -0.029945515,
          0.37578112,
          0.9262245,
          0,
          -0.042068113,
          1.2918735,
          1.3011804,
          1
        ]
      },
      {
        "date" : 778959335.495061,
        "title" : "Untitled",
        "transform" : [
          0.9987023,
          -1.1749404e-09,
          -0.050929047,
          0,
          -0.014546452,
          0.95834243,
          -0.28525132,
          0,
          0.048807465,
          0.2856219,
          0.95709884,
          0,
          0.12623075,
          0.738704,
          2.4753447,
          1
        ]
      },
      {
        "date" : 778746369.314553,
        "title" : "Untitled",
        "transform" : [
          1,
          0,
          0,
          0,
          0,
          0.7071069,
          -0.70710677,
          0,
          0,
          0.70710677,
          0.7071069,
          0,
          0,
          1.8287902,
          1.8287904,
          1
        ]
      }
    ],
    "D66134B1-3681-4A8E-AFE5-29F257229F3B" : [
      {
        "date" : 778958247.293949,
        "title" : "Untitled",
        "transform" : [
          -0.21367796,
          -9.8898316e-05,
          -0.97690415,
          0,
          0.0041738716,
          0.9999908,
          -0.0010142073,
          0,
          0.9768953,
          -0.004294165,
          -0.2136756,
          0,
          0.17547971,
          0.021107867,
          -0.030449335,
          1
        ]
      },
      {
        "date" : 778958242.552731,
        "title" : "Untitled",
        "transform" : [
          -0.8741416,
          -9.889266e-05,
          -0.48567116,
          0,
          -0.06601676,
          0.9907428,
          0.11861935,
          0,
          0.48116347,
          0.13575256,
          -0.866056,
          0,
          0.0923459,
          0.045075018,
          -0.14336312,
          1
        ]
      },
      {
        "date" : 778958238.474041,
        "title" : "Untitled",
        "transform" : [
          0.47642246,
          -9.890446e-05,
          -0.8792165,
          0,
          -0.5425813,
          0.7868367,
          -0.29409793,
          0,
          0.6918289,
          0.61716133,
          0.37481302,
          0,
          0.1042452,
          0.12496449,
          0.069277965,
          1
        ]
      },
      {
        "date" : 778957623.562299,
        "title" : "Untitled",
        "transform" : [
          0.17063764,
          -9.8906676e-05,
          -0.9853339,
          0,
          -0.6714067,
          0.7318994,
          -0.11634599,
          0,
          0.7211768,
          0.6814127,
          0.12482317,
          0,
          0.109946966,
          0.1350307,
          0.030495366,
          1
        ]
      },
      {
        "date" : 778957205.678382,
        "title" : "Untitled",
        "transform" : [
          -0.18939185,
          -9.890522e-05,
          -0.9819017,
          0,
          -0.21045075,
          0.9767655,
          0.04049392,
          0,
          0.9590837,
          0.21431117,
          -0.18501224,
          0,
          0.10432503,
          0.036856096,
          -0.01287455,
          1
        ]
      },
      {
        "date" : 778957202.676642,
        "title" : "Untitled",
        "transform" : [
          -0.22749491,
          -9.8898934e-05,
          -0.9737793,
          0,
          0.4106145,
          0.9067392,
          -0.096020095,
          0,
          0.8829733,
          -0.42169195,
          -0.20623793,
          0,
          0.11670186,
          -0.011690055,
          -0.011415508,
          1
        ]
      },
      {
        "date" : 778957186.364417,
        "title" : "Untitled",
        "transform" : [
          0.0815907,
          -3.069568e-09,
          -0.9966659,
          0,
          0.21249293,
          0.9770078,
          0.017395413,
          0,
          0.97375023,
          -0.21320407,
          0.07971481,
          0,
          0.0767858,
          0.010369572,
          0.014954995,
          1
        ]
      },
      {
        "date" : 778957177.739535,
        "title" : "Untitled",
        "transform" : [
          0.83172315,
          7.617436e-10,
          -0.55519074,
          0,
          0.0051916977,
          0.9999563,
          0.0077775535,
          0,
          0.5551663,
          -0.009351237,
          0.83168674,
          0,
          0.07429656,
          -0.00083251524,
          0.13347004,
          1
        ]
      },
      {
        "date" : 778957174.306785,
        "title" : "Untitled",
        "transform" : [
          -0.061445273,
          -6.8798354e-09,
          0.9981105,
          0,
          0.58496517,
          0.81025857,
          0.036011405,
          0,
          -0.8087276,
          0.58607256,
          -0.049786627,
          0,
          -0.121781155,
          0.089517035,
          -0.019205004,
          1
        ]
      },
      {
        "date" : 778746571.782318,
        "title" : "Untitled",
        "transform" : [
          0.5175856,
          -4.0679238e-09,
          0.8556314,
          0,
          0.75496054,
          0.47060663,
          -0.4566881,
          0,
          -0.4026658,
          0.88234323,
          0.24357913,
          0,
          -1.1366466,
          2.2868328,
          0.4550494,
          1
        ]
      }
    ],
    "E92F9A8C-6047-4BE8-ADB7-101786BFA0B3" : [
      {
        "date" : 778957725.83992,
        "title" : "Untitled",
        "transform" : [
          -0.06683045,
          -3.7807176e-08,
          0.9977644,
          0,
          0.5613491,
          0.8267246,
          0.037599392,
          0,
          -0.8248765,
          0.5626067,
          -0.055249967,
          0,
          -0.40470654,
          0.25953484,
          0.034668192,
          1
        ]
      },
      {
        "date" : 778957721.316447,
        "title" : "Untitled",
        "transform" : [
          0.34486568,
          -3.8059397e-08,
          0.9386521,
          0,
          0.31023094,
          0.9438036,
          -0.11398033,
          0,
          -0.8859031,
          0.33050662,
          0.3254859,
          0,
          -0.39904135,
          0.16669622,
          0.3934708,
          1
        ]
      },
      {
        "date" : 778957708.418655,
        "title" : "Untitled",
        "transform" : [
          -0.007865135,
          -3.7856477e-08,
          0.99996907,
          0,
          0.3400301,
          0.94041073,
          0.0026746015,
          0,
          -0.94038165,
          0.34004045,
          -0.0073960153,
          0,
          -0.51034933,
          0.17185116,
          0.22770958,
          1
        ]
      },
      {
        "date" : 778957704.67312,
        "title" : "Untitled",
        "transform" : [
          0.7194525,
          -3.7868652e-08,
          0.69454163,
          0,
          0.22843987,
          0.9443622,
          -0.23663305,
          0,
          -0.6558986,
          0.32890704,
          0.6794241,
          0,
          -0.33848765,
          0.25360215,
          0.7341645,
          1
        ]
      },
      {
        "date" : 778957691.893097,
        "title" : "Untitled",
        "transform" : [
          0.86011934,
          -3.56321e-08,
          0.51009285,
          0,
          0.21451166,
          0.9072766,
          -0.36170968,
          0,
          -0.46279487,
          0.4205342,
          0.7803664,
          0,
          -0.9568552,
          0.74201417,
          1.3256909,
          1
        ]
      },
      {
        "date" : 778957651.950402,
        "title" : "Untitled",
        "transform" : [
          0.8363583,
          -3.0818356e-08,
          0.548183,
          0,
          0.20622458,
          0.9265399,
          -0.31463495,
          0,
          -0.5079132,
          0.37619627,
          0.77491987,
          0,
          -0.75494754,
          0.34028384,
          0.8920648,
          1
        ]
      },
      {
        "date" : 778957643.359205,
        "title" : "Untitled",
        "transform" : [
          0.96656036,
          -3.6642756e-08,
          0.2564391,
          0,
          0.1689854,
          0.75217044,
          -0.63693285,
          0,
          -0.19288543,
          0.65896845,
          0.7270185,
          0,
          -0.06945317,
          0.12489987,
          0.16291654,
          1
        ]
      },
      {
        "date" : 778957638.889044,
        "title" : "Untitled",
        "transform" : [
          0.8574699,
          -3.537886e-08,
          0.51453406,
          0,
          0.311789,
          0.79549235,
          -0.5195955,
          0,
          -0.4093075,
          0.60596347,
          0.6821112,
          0,
          -0.116111614,
          0.11261522,
          0.144227,
          1
        ]
      },
      {
        "date" : 778957637.071081,
        "title" : "Untitled",
        "transform" : [
          0.8431551,
          -3.1835572e-08,
          0.5376704,
          0,
          0.29455212,
          0.8365897,
          -0.46190566,
          0,
          -0.44980904,
          0.5478299,
          0.70537525,
          0,
          -0.12405031,
          0.09928026,
          0.14737867,
          1
        ]
      },
      {
        "date" : 778957584.245919,
        "title" : "Untitled",
        "transform" : [
          0.7805986,
          -2.7056597e-08,
          0.6250327,
          0,
          0.21624985,
          0.93824136,
          -0.27007255,
          0,
          -0.58643115,
          0.34598133,
          0.7323903,
          0,
          -0.15003327,
          0.053864058,
          0.14681351,
          1
        ]
      }
    ]
  },
  "sceneViewportBackgroundColors" : {

  },
  "selectedSceneRelativePath" : "Scene.usda"
}